#Family size
1 2765414 2765414
2 154954 309908
3 62394 187182
4 31480 125920
5 17698 88490
6 11004 66024
7 7104 49728
8 4546 36368
9 3350 30150
10 2388 23880
11 1642 18062
12 1290 15480
13 988 12844
14 768 10752
15 644 9660
16 570 9120
17 440 7480
18 396 7128
19 276 5244
20 274 5480
21 264 5544
22 222 4884
23 202 4646
24 178 4272
25 160 4000
26 200 5200
27 176 4752
28 156 4368
29 98 2842
30 102 3060
31 106 3286
32 94 3008
33 84 2772
34 80 2720
35 100 3500
36 82 2952
37 100 3700
38 88 3344
39 80 3120
40 94 3760
41 76 3116
42 66 2772
43 68 2924
44 74 3256
45 76 3420
46 72 3312
47 70 3290
48 60 2880
49 60 2940
50 48 2400
51 48 2448
52 60 3120
53 52 2756
54 50 2700
55 64 3520
56 56 3136
57 54 3078
58 42 2436
59 46 2714
60 50 3000
61 62 3782
62 40 2480
63 62 3906
64 60 3840
65 52 3380
66 58 3828
67 34 2278
68 42 2856
69 52 3588
70 46 3220
71 32 2272
72 52 3744
73 58 4234
74 64 4736
75 56 4200
76 40 3040
77 50 3850
78 56 4368
79 40 3160
80 52 4160
81 44 3564
82 44 3608
83 50 4150
84 48 4032
85 64 5440
86 40 3440
87 38 3306
88 60 5280
89 52 4628
90 60 5400
91 38 3458
92 44 4048
93 72 6696
94 62 5828
95 58 5510
96 58 5568
97 56 5432
98 66 6468
99 54 5346
100 76 7600
101 58 5858
102 42 4284
103 88 9064
104 70 7280
105 86 9030
106 84 8904
107 82 8774
108 68 7344
109 80 8720
110 60 6600
111 80 8880
112 124 13888
113 92 10396
114 86 9804
115 80 9200
116 62 7192
117 92 10764
118 96 11328
119 104 12376
120 102 12240
121 104 12584
122 106 12932
123 118 14514
124 106 13144
125 122 15250
126 114 14364
127 94 11938
128 104 13312
129 96 12384
130 90 11700
131 134 17554
132 132 17424
133 134 17822
134 128 17152
135 112 15120
136 78 10608
137 116 15892
138 142 19596
139 106 14734
140 134 18760
141 110 15510
142 132 18744
143 108 15444
144 116 16704
145 134 19430
146 120 17520
147 120 17640
148 120 17760
149 132 19668
150 136 20400
151 114 17214
152 144 21888
153 136 20808
154 122 18788
155 116 17980
156 140 21840
157 136 21352
158 128 20224
159 126 20034
160 150 24000
161 126 20286
162 122 19764
163 120 19560
164 110 18040
165 140 23100
166 136 22576
167 120 20040
168 140 23520
169 104 17576
170 130 22100
171 126 21546
172 142 24424
173 124 21452
174 120 20880
175 128 22400
176 112 19712
177 110 19470
178 102 18156
179 110 19690
180 116 20880
181 138 24978
182 124 22568
183 136 24888
184 132 24288
185 94 17390
186 108 20088
187 108 20196
188 106 19928
189 96 18144
190 124 23560
191 100 19100
192 112 21504
193 104 20072
194 132 25608
195 92 17940
196 112 21952
197 134 26398
198 118 23364
199 108 21492
200 110 22000
201 86 17286
202 120 24240
203 112 22736
204 114 23256
205 106 21730
206 92 18952
207 122 25254
208 102 21216
209 124 25916
210 98 20580
211 116 24476
212 96 20352
213 118 25134
214 126 26964
215 130 27950
216 120 25920
217 136 29512
218 94 20492
219 100 21900
220 88 19360
221 122 26962
222 84 18648
223 96 21408
224 126 28224
225 114 25650
226 96 21696
227 108 24516
228 126 28728
229 90 20610
230 116 26680
231 104 24024
232 112 25984
233 96 22368
234 102 23868
235 82 19270
236 116 27376
237 102 24174
238 108 25704
239 118 28202
240 116 27840
241 144 34704
242 104 25168
243 108 26244
244 94 22936
245 104 25480
246 100 24600
247 94 23218
248 108 26784
249 80 19920
250 108 27000
251 110 27610
252 88 22176
253 132 33396
254 104 26416
255 84 21420
256 90 23040
257 84 21588
258 104 26832
259 96 24864
260 112 29120
261 102 26622
262 102 26724
263 96 25248
264 96 25344
265 108 28620
266 104 27664
267 94 25098
268 82 21976
269 96 25824
270 86 23220
271 124 33604
272 98 26656
273 96 26208
274 100 27400
275 130 35750
276 122 33672
277 96 26592
278 102 28356
279 90 25110
280 106 29680
281 106 29786
282 118 33276
283 108 30564
284 80 22720
285 114 32490
286 106 30316
287 98 28126
288 84 24192
289 96 27744
290 92 26680
291 102 29682
292 102 29784
293 118 34574
294 90 26460
295 86 25370
296 104 30784
297 116 34452
298 112 33376
299 88 26312
300 98 29400
301 108 32508
302 96 28992
303 96 29088
304 120 36480
305 122 37210
306 112 34272
307 94 28858
308 124 38192
309 90 27810
310 98 30380
311 120 37320
312 102 31824
313 90 28170
314 84 26376
315 118 37170
316 94 29704
317 92 29164
318 112 35616
319 112 35728
320 138 44160
321 102 32742
322 104 33488
323 88 28424
324 100 32400
325 114 37050
326 102 33252
327 114 37278
328 98 32144
329 78 25662
330 122 40260
331 112 37072
332 96 31872
333 94 31302
334 98 32732
335 90 30150
336 96 32256
337 80 26960
338 96 32448
339 90 30510
340 106 36040
341 114 38874
342 94 32148
343 98 33614
344 94 32336
345 90 31050
346 98 33908
347 88 30536
348 100 34800
349 76 26524
350 102 35700
351 126 44226
352 82 28864
353 136 48008
354 102 36108
355 120 42600
356 102 36312
357 80 28560
358 110 39380
359 118 42362
360 114 41040
361 96 34656
362 100 36200
363 128 46464
364 86 31304
365 116 42340
366 118 43188
367 110 40370
368 86 31648
369 98 36162
370 118 43660
371 128 47488
372 114 42408
373 82 30586
374 92 34408
375 106 39750
376 110 41360
377 106 39962
378 92 34776
379 112 42448
380 118 44840
381 88 33528
382 114 43548
383 96 36768
384 86 33024
385 110 42350
386 108 41688
387 104 40248
388 104 40352
389 104 40456
390 84 32760
391 104 40664
392 110 43120
393 102 40086
394 82 32308
395 88 34760
396 116 45936
397 108 42876
398 92 36616
399 114 45486
400 106 42400
401 84 33684
402 100 40200
403 104 41912
404 108 43632
405 92 37260
406 82 33292
407 94 38258
408 100 40800
409 104 42536
410 142 58220
411 118 48498
412 110 45320
413 80 33040
414 106 43884
415 116 48140
416 124 51584
417 132 55044
418 122 50996
419 136 56984
420 118 49560
421 110 46310
422 90 37980
423 124 52452
424 136 57664
425 114 48450
426 84 35784
427 110 46970
428 140 59920
429 88 37752
430 108 46440
431 106 45686
432 114 49248
433 130 56290
434 132 57288
435 120 52200
436 80 34880
437 108 47196
438 80 35040
439 158 69362
440 118 51920
441 122 53802
442 130 57460
443 124 54932
444 94 41736
445 92 40940
446 114 50844
447 100 44700
448 80 35840
449 128 57472
450 82 36900
451 110 49610
452 116 52432
453 140 63420
454 118 53572
455 120 54600
456 126 57456
457 90 41130
458 110 50380
459 102 46818
460 90 41400
461 98 45178
462 144 66528
463 128 59264
464 80 37120
465 138 64170
466 106 49396
467 124 57908
468 136 63648
469 104 48776
470 116 54520
471 120 56520
472 110 51920
473 112 52976
474 114 54036
475 120 57000
476 118 56168
477 102 48654
478 114 54492
479 150 71850
480 118 56640
481 106 50986
482 126 60732
483 128 61824
484 104 50336
485 116 56260
486 100 48600
487 130 63310
488 116 56608
489 130 63570
490 116 56840
491 126 61866
492 116 57072
493 128 63104
494 138 68172
495 122 60390
496 140 69440
497 114 56658
498 90 44820
499 122 60878
500 114 57000
501 124 62124
502 134 67268
503 102 51306
504 106 53424
505 112 56560
506 142 71852
507 120 60840
508 138 70104
509 82 41738
510 122 62220
511 78 39858
512 126 64512
513 126 64638
514 130 66820
515 94 48410
516 110 56760
517 148 76516
518 156 80808
519 146 75774
520 126 65520
521 124 64604
522 122 63684
523 152 79496
524 134 70216
525 136 71400
526 138 72588
527 102 53754
528 132 69696
529 148 78292
530 124 65720
531 142 75402
532 166 88312
533 108 57564
534 130 69420
535 146 78110
536 102 54672
537 138 74106
538 120 64560
539 148 79772
540 152 82080
541 142 76822
542 126 68292
543 138 74934
544 138 75072
545 130 70850
546 148 80808
547 130 71110
548 158 86584
549 140 76860
550 112 61600
551 120 66120
552 134 73968
553 122 67466
554 172 95288
555 122 67710
556 120 66720
557 116 64612
558 144 80352
559 132 73788
560 164 91840
561 128 71808
562 118 66316
563 144 81072
564 126 71064
565 140 79100
566 128 72448
567 136 77112
568 108 61344
569 136 77384
570 160 91200
571 134 76514
572 138 78936
573 152 87096
574 146 83804
575 108 62100
576 126 72576
577 126 72702
578 148 85544
579 130 75270
580 108 62640
581 124 72044
582 160 93120
583 142 82786
584 134 78256
585 134 78390
586 138 80868
587 190 111530
588 138 81144
589 110 64790
590 130 76700
591 120 70920
592 116 68672
593 126 74718
594 114 67716
595 94 55930
596 126 75096
597 142 84774
598 158 94484
599 116 69484
600 142 85200
601 126 75726
602 134 80668
603 146 88038
604 138 83352
605 140 84700
606 146 88476
607 120 72840
608 152 92416
609 106 64554
610 124 75640
611 118 72098
612 148 90576
613 178 109114
614 114 69996
615 130 79950
616 140 86240
617 136 83912
618 120 74160
619 144 89136
620 140 86800
621 148 91908
622 142 88324
623 158 98434
624 126 78624
625 122 76250
626 152 95152
627 132 82764
628 112 70336
629 120 75480
630 154 97020
631 130 82030
632 106 66992
633 124 78492
634 108 68472
635 106 67310
636 106 67416
637 126 80262
638 108 68904
639 106 67734
640 118 75520
641 150 96150
642 134 86028
643 126 81018
644 104 66976
645 144 92880
646 108 69768
647 120 77640
648 112 72576
649 108 70092
650 126 81900
651 126 82026
652 104 67808
653 112 73136
654 114 74556
655 130 85150
656 130 85280
657 126 82782
658 114 75012
659 106 69854
660 88 58080
661 104 68744
662 106 70172
663 124 82212
664 112 74368
665 106 70490
666 110 73260
667 82 54694
668 104 69472
669 102 68238
670 110 73700
671 114 76494
672 100 67200
673 110 74030
674 126 84924
675 118 79650
676 134 90584
677 116 78532
678 92 62376
679 106 71974
680 108 73440
681 108 73548
682 114 77748
683 112 76496
684 72 49248
685 86 58910
686 108 74088
687 122 83814
688 108 74304
689 90 62010
690 118 81420
691 102 70482
692 70 48440
693 98 67914
694 88 61072
695 74 51430
696 94 65424
697 100 69700
698 116 80968
699 130 90870
700 96 67200
701 100 70100
702 92 64584
703 98 68894
704 86 60544
705 92 64860
706 144 101664
707 76 53732
708 96 67968
709 94 66646
710 110 78100
711 86 61146
712 98 69776
713 82 58466
714 100 71400
715 88 62920
716 86 61576
717 100 71700
718 64 45952
719 110 79090
720 96 69120
721 90 64890
722 88 63536
723 86 62178
724 86 62264
725 104 75400
726 108 78408
727 102 74154
728 68 49504
729 92 67068
730 100 73000
731 80 58480
732 80 58560
733 60 43980
734 84 61656
735 64 47040
736 90 66240
737 98 72226
738 80 59040
739 108 79812
740 76 56240
741 74 54834
742 66 48972
743 72 53496
744 80 59520
745 86 64070
746 44 32824
747 70 52290
748 80 59840
749 96 71904
750 72 54000
751 94 70594
752 86 64672
753 62 46686
754 86 64844
755 70 52850
756 84 63504
757 66 49962
758 98 74284
759 106 80454
760 100 76000
761 70 53270
762 82 62484
763 78 59514
764 98 74872
765 78 59670
766 104 79664
767 60 46020
768 90 69120
769 84 64596
770 62 47740
771 68 52428
772 72 55584
773 68 52564
774 54 41796
775 72 55800
776 72 55872
777 62 48174
778 78 60684
779 66 51414
780 52 40560
781 76 59356
782 50 39100
783 66 51678
784 82 64288
785 56 43960
786 58 45588
787 50 39350
788 58 45704
789 58 45762
790 48 37920
791 66 52206
792 40 31680
793 54 42822
794 72 57168
795 60 47700
796 50 39800
797 54 43038
798 50 39900
799 66 52734
800 66 52800
801 68 54468
802 50 40100
803 62 49786
804 38 30552
805 56 45080
806 54 43524
807 48 38736
808 36 29088
809 60 48540
810 58 46980
811 64 51904
812 50 40600
813 60 48780
814 60 48840
815 56 45640
816 46 37536
817 64 52288
818 56 45808
819 50 40950
820 40 32800
821 38 31198
822 54 44388
823 56 46088
824 66 54384
825 36 29700
826 46 37996
827 44 36388
828 48 39744
829 40 33160
830 42 34860
831 58 48198
832 40 33280
833 58 48314
834 32 26688
835 52 43420
836 58 48488
837 42 35154
838 40 33520
839 50 41950
840 58 48720
841 50 42050
842 38 31996
843 38 32034
844 38 32072
845 62 52390
846 40 33840
847 42 35574
848 30 25440
849 52 44148
850 60 51000
851 38 32338
852 28 23856
853 34 29002
854 54 46116
855 42 35910
856 34 29104
857 58 49706
858 40 34320
859 46 39514
860 22 18920
861 36 30996
862 40 34480
863 44 37972
864 34 29376
865 30 25950
866 34 29444
867 20 17340
868 36 31248
869 24 20856
870 26 22620
871 36 31356
872 30 26160
873 38 33174
874 46 40204
875 24 21000
876 34 29784
877 30 26310
878 22 19316
879 30 26370
880 32 28160
881 38 33478
882 30 26460
883 34 30022
884 20 17680
885 14 12390
886 36 31896
887 38 33706
888 24 21312
889 24 21336
890 24 21360
891 36 32076
892 34 30328
893 30 26790
894 26 23244
895 28 25060
896 30 26880
897 30 26910
898 10 8980
899 28 25172
900 30 27000
901 30 27030
902 20 18040
903 18 16254
904 10 9040
905 16 14480
906 28 25368
907 20 18140
908 20 18160
909 32 29088
910 22 20020
911 14 12754
912 30 27360
913 42 38346
914 28 25592
915 28 25620
916 16 14656
917 12 11004
918 22 20196
919 30 27570
920 28 25760
921 22 20262
922 30 27660
923 26 23998
924 20 18480
925 16 14800
926 14 12964
927 18 16686
928 8 7424
929 38 35302
930 26 24180
931 24 22344
932 36 33552
933 18 16794
934 22 20548
935 20 18700
936 16 14976
937 24 22488
938 14 13132
939 10 9390
940 28 26320
941 14 13174
942 24 22608
943 16 15088
944 24 22656
945 22 20790
946 10 9460
947 18 17046
948 28 26544
949 20 18980
950 18 17100
951 14 13314
952 34 32368
953 16 15248
954 16 15264
955 26 24830
956 4 3824
957 12 11484
958 16 15328
959 22 21098
960 18 17280
961 12 11532
962 8 7696
963 14 13482
964 16 15424
965 20 19300
966 8 7728
967 22 21274
968 10 9680
969 12 11628
970 10 9700
971 14 13594
972 10 9720
973 6 5838
974 22 21428
975 14 13650
976 18 17568
977 12 11724
978 6 5868
979 18 17622
980 10 9800
981 12 11772
982 8 7856
983 10 9830
984 6 5904
985 20 19700
986 22 21692
987 8 7896
988 16 15808
989 14 13846
990 6 5940
991 8 7928
992 8 7936
993 6 5958
994 4 3976
995 20 19900
996 10 9960
997 12 11964
998 14 13972
999 16 15984
1000 10 10000
1001 8 8008
1002 4 4008
1003 8 8024
1004 4 4016
1005 20 20100
1006 12 12072
1007 22 22154
1008 14 14112
1009 6 6054
1010 16 16160
1011 10 10110
1012 4 4048
1013 16 16208
1014 10 10140
1015 8 8120
1016 14 14224
1017 14 14238
1018 6 6108
1019 6 6114
1020 4 4080
1021 8 8168
1022 8 8176
1023 6 6138
1024 4 4096
1025 4 4100
1026 10 10260
1027 6 6162
1028 6 6168
1029 8 8232
1030 6 6180
1031 6 6186
1032 12 12384
1033 12 12396
1034 4 4136
1035 2 2070
1036 6 6216
1037 12 12444
1038 2 2076
1039 6 6234
1040 14 14560
1041 10 10410
1042 8 8336
1043 2 2086
1044 12 12528
1045 2 2090
1046 8 8368
1047 4 4188
1048 4 4192
1049 18 18882
1050 10 10500
1051 4 4204
1052 24 25248
1053 10 10530
1054 4 4216
1056 8 8448
1058 8 8464
1059 2 2118
1060 12 12720
1061 14 14854
1062 10 10620
1063 2 2126
1064 6 6384
1065 6 6390
1066 8 8528
1067 6 6402
1068 12 12816
1069 4 4276
1070 2 2140
1071 8 8568
1072 8 8576
1073 4 4292
1074 6 6444
1075 2 2150
1076 2 2152
1077 8 8616
1078 4 4312
1079 2 2158
1080 2 2160
1081 6 6486
1083 6 6498
1084 12 13008
1085 4 4340
1086 2 2172
1087 6 6522
1088 2 2176
1089 6 6534
1090 4 4360
1091 2 2182
1092 2 2184
1093 2 2186
1094 2 2188
1095 2 2190
1096 6 6576
1097 6 6582
1099 2 2198
1101 6 6606
1102 2 2204
1103 6 6618
1104 4 4416
1105 2 2210
1106 8 8848
1107 2 2214
1108 4 4432
1109 4 4436
1110 2 2220
1111 2 2222
1112 6 6672
1113 2 2226
1114 2 2228
1115 4 4460
1117 2 2234
1118 2 2236
1119 6 6714
1120 6 6720
1122 2 2244
1123 2 2246
1124 2 2248
1125 2 2250
1126 2 2252
1127 4 4508
1129 2 2258
1130 2 2260
1131 6 6786
1132 2 2264
1133 4 4532
1134 2 2268
1135 2 2270
1136 2 2272
1137 2 2274
1138 4 4552
1139 4 4556
1140 6 6840
1142 2 2284
1143 6 6858
1144 2 2288
1145 2 2290
1146 2 2292
1149 6 6894
1150 4 4600
1151 2 2302
1152 2 2304
1153 4 4612
1155 4 4620
1156 4 4624
1157 2 2314
1158 4 4632
1160 2 2320
1163 4 4652
1164 6 6984
1165 2 2330
1166 2 2332
1168 4 4672
1169 2 2338
1170 4 4680
1172 4 4688
1175 2 2350
1176 2 2352
1177 2 2354
1178 4 4712
1180 2 2360
1184 4 4736
1185 2 2370
1188 2 2376
1189 4 4756
1190 4 4760
1191 2 2382
1194 2 2388
1198 2 2396
1199 4 4796
1201 2 2402
1205 2 2410
1207 2 2414
1209 2 2418
1210 2 2420
1211 2 2422
1214 2 2428
1217 2 2434
1218 2 2436
1221 2 2442
1222 2 2444
1223 2 2446
1224 2 2448
1225 2 2450
1226 2 2452
1233 6 7398
1239 4 4956
1240 4 4960
1242 2 2484
1245 4 4980
1249 2 2498
1250 2 2500
1257 4 5028
1260 2 2520
1261 2 2522
1262 2 2524
1264 2 2528
1275 2 2550
1276 2 2552
1280 2 2560
1282 2 2564
1287 2 2574
1288 2 2576
1299 2 2598
1300 2 2600
1305 2 2610
1307 2 2614
1312 2 2624
1313 2 2626
1316 2 2632
1317 2 2634
1318 2 2636
1324 2 2648
1331 2 2662
1333 2 2666
1341 2 2682
1350 2 2700
1371 2 2742
1380 2 2760
1384 2 2768
1388 2 2776
1391 2 2782
1396 2 2792
1410 2 2820
1411 2 2822
1437 2 2874
1445 2 2890
1456 2 2912
1461 2 2922
1469 2 2938
1494 2 2988
1519 2 3038
1529 2 3058
1539 4 6156
1632 2 3264
1644 2 3288
1655 2 3310
1726 2 3452
1802 2 3604
1827 2 3654
1938 2 3876
1971 2 3942
1972 2 3944
1985 2 3970
2002 2 4004
2042 2 4084
