#Family size
1 872794 872794
2 86244 172488
3 20687 62061
4 8019 32076
5 3687 18435
6 2133 12798
7 1320 9240
8 916 7328
9 756 6804
10 615 6150
11 438 4818
12 360 4320
13 347 4511
14 266 3724
15 245 3675
16 222 3552
17 195 3315
18 156 2808
19 182 3458
20 170 3400
21 166 3486
22 134 2948
23 114 2622
24 159 3816
25 118 2950
26 91 2366
27 103 2781
28 116 3248
29 74 2146
30 89 2670
31 105 3255
32 100 3200
33 71 2343
34 83 2822
35 75 2625
36 71 2556
37 98 3626
38 49 1862
39 82 3198
40 72 2880
41 85 3485
42 66 2772
43 106 4558
44 81 3564
45 76 3420
46 63 2898
47 86 4042
48 62 2976
49 58 2842
50 65 3250
51 73 3723
52 59 3068
53 61 3233
54 62 3348
55 51 2805
56 54 3024
57 61 3477
58 49 2842
59 43 2537
60 75 4500
61 71 4331
62 79 4898
63 65 4095
64 88 5632
65 62 4030
66 68 4488
67 79 5293
68 65 4420
69 91 6279
70 86 6020
71 118 8378
72 118 8496
73 108 7884
74 104 7696
75 137 10275
76 139 10564
77 164 12628
78 175 13650
79 188 14852
80 168 13440
81 214 17334
82 217 17794
83 282 23406
84 257 21588
85 271 23035
86 250 21500
87 277 24099
88 300 26400
89 279 24831
90 306 27540
91 309 28119
92 303 27876
93 265 24645
94 286 26884
95 265 25175
96 250 24000
97 226 21922
98 228 22344
99 233 23067
100 190 19000
101 204 20604
102 173 17646
103 155 15965
104 152 15808
105 160 16800
106 99 10494
107 131 14017
108 103 11124
109 87 9483
110 100 11000
111 84 9324
112 79 8848
113 68 7684
114 64 7296
115 66 7590
116 53 6148
117 60 7020
118 73 8614
119 63 7497
120 68 8160
121 70 8470
122 71 8662
123 65 7995
124 63 7812
125 61 7625
126 59 7434
127 65 8255
128 67 8576
129 66 8514
130 66 8580
131 81 10611
132 87 11484
133 55 7315
134 74 9916
135 80 10800
136 74 10064
137 70 9590
138 72 9936
139 86 11954
140 96 13440
141 83 11703
142 94 13348
143 105 15015
144 101 14544
145 85 12325
146 86 12556
147 88 12936
148 85 12580
149 83 12367
150 95 14250
151 92 13892
152 99 15048
153 97 14841
154 89 13706
155 90 13950
156 109 17004
157 92 14444
158 98 15484
159 100 15900
160 100 16000
161 106 17066
162 91 14742
163 134 21842
164 98 16072
165 101 16665
166 77 12782
167 116 19372
168 83 13944
169 94 15886
170 79 13430
171 102 17442
172 99 17028
173 106 18338
174 73 12702
175 92 16100
176 96 16896
177 78 13806
178 82 14596
179 89 15931
180 104 18720
181 65 11765
182 74 13468
183 89 16287
184 86 15824
185 87 16095
186 80 14880
187 93 17391
188 74 13912
189 95 17955
190 85 16150
191 76 14516
192 76 14592
193 91 17563
194 85 16490
195 87 16965
196 97 19012
197 80 15760
198 85 16830
199 86 17114
200 75 15000
201 66 13266
202 75 15150
203 73 14819
204 61 12444
205 77 15785
206 72 14832
207 87 18009
208 75 15600
209 66 13794
210 75 15750
211 70 14770
212 65 13780
213 81 17253
214 54 11556
215 79 16985
216 56 12096
217 68 14756
218 57 12426
219 73 15987
220 60 13200
221 58 12818
222 67 14874
223 61 13603
224 61 13664
225 61 13725
226 74 16724
227 56 12712
228 62 14136
229 54 12366
230 61 14030
231 67 15477
232 77 17864
233 58 13514
234 67 15678
235 55 12925
236 69 16284
237 53 12561
238 60 14280
239 68 16252
240 60 14400
241 60 14460
242 56 13552
243 65 15795
244 56 13664
245 55 13475
246 61 15006
247 58 14326
248 58 14384
249 66 16434
250 67 16750
251 58 14558
252 64 16128
253 59 14927
254 52 13208
255 44 11220
256 73 18688
257 60 15420
258 66 17028
259 68 17612
260 53 13780
261 64 16704
262 71 18602
263 71 18673
264 77 20328
265 71 18815
266 62 16492
267 53 14151
268 45 12060
269 51 13719
270 57 15390
271 34 9214
272 58 15776
273 59 16107
274 62 16988
275 49 13475
276 68 18768
277 65 18005
278 54 15012
279 47 13113
280 50 14000
281 60 16860
282 60 16920
283 60 16980
284 66 18744
285 69 19665
286 64 18304
287 53 15211
288 81 23328
289 78 22542
290 57 16530
291 61 17751
292 59 17228
293 56 16408
294 54 15876
295 70 20650
296 53 15688
297 49 14553
298 65 19370
299 61 18239
300 50 15000
301 73 21973
302 65 19630
303 62 18786
304 63 19152
305 45 13725
306 79 24174
307 57 17499
308 78 24024
309 55 16995
310 60 18600
311 63 19593
312 59 18408
313 67 20971
314 61 19154
315 62 19530
316 68 21488
317 53 16801
318 48 15264
319 61 19459
320 66 21120
321 77 24717
322 48 15456
323 61 19703
324 65 21060
325 60 19500
326 66 21516
327 59 19293
328 57 18696
329 55 18095
330 67 22110
331 62 20522
332 58 19256
333 68 22644
334 53 17702
335 55 18425
336 61 20496
337 55 18535
338 69 23322
339 64 21696
340 63 21420
341 66 22506
342 67 22914
343 72 24696
344 56 19264
345 75 25875
346 56 19376
347 58 20126
348 63 21924
349 48 16752
350 48 16800
351 82 28782
352 57 20064
353 72 25416
354 60 21240
355 59 20945
356 48 17088
357 59 21063
358 51 18258
359 52 18668
360 68 24480
361 55 19855
362 69 24978
363 65 23595
364 72 26208
365 57 20805
366 56 20496
367 59 21653
368 49 18032
369 57 21033
370 62 22940
371 55 20405
372 46 17112
373 53 19769
374 70 26180
375 47 17625
376 69 25944
377 70 26390
378 68 25704
379 60 22740
380 58 22040
381 60 22860
382 49 18718
383 63 24129
384 61 23424
385 58 22330
386 66 25476
387 73 28251
388 61 23668
389 50 19450
390 64 24960
391 59 23069
392 67 26264
393 66 25938
394 54 21276
395 52 20540
396 53 20988
397 68 26996
398 58 23084
399 71 28329
400 71 28400
401 63 25263
402 59 23718
403 52 20956
404 61 24644
405 64 25920
406 55 22330
407 64 26048
408 67 27336
409 64 26176
410 60 24600
411 66 27126
412 49 20188
413 51 21063
414 63 26082
415 57 23655
416 51 21216
417 84 35028
418 55 22990
419 69 28911
420 54 22680
421 66 27786
422 69 29118
423 54 22842
424 57 24168
425 57 24225
426 52 22152
427 71 30317
428 74 31672
429 54 23166
430 58 24940
431 65 28015
432 74 31968
433 57 24681
434 59 25606
435 68 29580
436 80 34880
437 67 29279
438 59 25842
439 68 29852
440 57 25080
441 61 26901
442 59 26078
443 67 29681
444 64 28416
445 48 21360
446 76 33896
447 69 30843
448 65 29120
449 77 34573
450 71 31950
451 69 31119
452 53 23956
453 78 35334
454 58 26332
455 65 29575
456 60 27360
457 70 31990
458 76 34808
459 74 33966
460 54 24840
461 63 29043
462 75 34650
463 65 30095
464 62 28768
465 64 29760
466 73 34018
467 74 34558
468 62 29016
469 54 25326
470 41 19270
471 75 35325
472 62 29264
473 75 35475
474 70 33180
475 71 33725
476 61 29036
477 67 31959
478 54 25812
479 69 33051
480 58 27840
481 63 30303
482 73 35186
483 82 39606
484 79 38236
485 66 32010
486 66 32076
487 62 30194
488 54 26352
489 64 31296
490 73 35770
491 77 37807
492 86 42312
493 63 31059
494 86 42484
495 49 24255
496 68 33728
497 67 33299
498 81 40338
499 70 34930
500 64 32000
501 65 32565
502 69 34638
503 63 31689
504 81 40824
505 68 34340
506 76 38456
507 79 40053
508 83 42164
509 66 33594
510 54 27540
511 72 36792
512 78 39936
513 73 37449
514 53 27242
515 62 31930
516 76 39216
517 81 41877
518 59 30562
519 61 31659
520 60 31200
521 80 41680
522 68 35496
523 79 41317
524 77 40348
525 66 34650
526 66 34716
527 76 40052
528 68 35904
529 74 39146
530 80 42400
531 60 31860
532 89 47348
533 91 48503
534 84 44856
535 65 34775
536 68 36448
537 75 40275
538 79 42502
539 73 39347
540 77 41580
541 61 33001
542 78 42276
543 72 39096
544 71 38624
545 72 39240
546 54 29484
547 82 44854
548 66 36168
549 75 41175
550 100 55000
551 71 39121
552 65 35880
553 68 37604
554 58 32132
555 77 42735
556 73 40588
557 68 37876
558 84 46872
559 72 40248
560 90 50400
561 74 41514
562 78 43836
563 79 44477
564 78 43992
565 83 46895
566 66 37356
567 75 42525
568 79 44872
569 75 42675
570 65 37050
571 79 45109
572 70 40040
573 56 32088
574 96 55104
575 83 47725
576 68 39168
577 72 41544
578 69 39882
579 69 39951
580 86 49880
581 84 48804
582 58 33756
583 82 47806
584 84 49056
585 57 33345
586 58 33988
587 83 48721
588 75 44100
589 83 48887
590 67 39530
591 97 57327
592 65 38480
593 75 44475
594 76 45144
595 71 42245
596 75 44700
597 78 46566
598 76 45448
599 84 50316
600 77 46200
601 80 48080
602 91 54782
603 67 40401
604 87 52548
605 107 64735
606 59 35754
607 93 56451
608 68 41344
609 54 32886
610 82 50020
611 76 46436
612 80 48960
613 81 49653
614 72 44208
615 77 47355
616 87 53592
617 74 45658
618 82 50676
619 86 53234
620 61 37820
621 68 42228
622 99 61578
623 73 45479
624 83 51792
625 74 46250
626 82 51332
627 64 40128
628 78 48984
629 66 41514
630 89 56070
631 75 47325
632 88 55616
633 60 37980
634 82 51988
635 80 50800
636 73 46428
637 78 49686
638 82 52316
639 62 39618
640 64 40960
641 88 56408
642 84 53928
643 88 56584
644 57 36708
645 98 63210
646 74 47804
647 71 45937
648 67 43416
649 75 48675
650 85 55250
651 75 48825
652 82 53464
653 65 42445
654 73 47742
655 70 45850
656 75 49200
657 68 44676
658 74 48692
659 61 40199
660 75 49500
661 50 33050
662 58 38396
663 75 49725
664 68 45152
665 68 45220
666 68 45288
667 54 36018
668 73 48764
669 48 32112
670 79 52930
671 75 50325
672 56 37632
673 73 49129
674 78 52572
675 68 45900
676 68 45968
677 66 44682
678 68 46104
679 63 42777
680 88 59840
681 71 48351
682 69 47058
683 66 45078
684 70 47880
685 52 35620
686 67 45962
687 49 33663
688 61 41968
689 79 54431
690 61 42090
691 70 48370
692 55 38060
693 46 31878
694 67 46498
695 52 36140
696 67 46632
697 60 41820
698 57 39786
699 66 46134
700 64 44800
701 67 46967
702 53 37206
703 66 46398
704 70 49280
705 56 39480
706 61 43066
707 43 30401
708 57 40356
709 58 41122
710 60 42600
711 67 47637
712 64 45568
713 58 41354
714 53 37842
715 45 32175
716 52 37232
717 74 53058
718 65 46670
719 59 42421
720 60 43200
721 52 37492
722 59 42598
723 57 41211
724 61 44164
725 46 33350
726 58 42108
727 62 45074
728 53 38584
729 65 47385
730 52 37960
731 41 29971
732 38 27816
733 41 30053
734 45 33030
735 52 38220
736 45 33120
737 65 47905
738 44 32472
739 48 35472
740 56 41440
741 43 31863
742 46 34132
743 50 37150
744 44 32736
745 39 29055
746 46 34316
747 46 34362
748 63 47124
749 38 28462
750 47 35250
751 45 33795
752 41 30832
753 48 36144
754 41 30914
755 47 35485
756 28 21168
757 48 36336
758 47 35626
759 43 32637
760 48 36480
761 24 18264
762 51 38862
763 47 35861
764 28 21392
765 28 21420
766 41 31406
767 39 29913
768 36 27648
769 35 26915
770 42 32340
771 49 37779
772 52 40144
773 32 24736
774 40 30960
775 37 28675
776 42 32592
777 32 24864
778 42 32676
779 19 14801
780 30 23400
781 52 40612
782 43 33626
783 34 26622
784 50 39200
785 36 28260
786 29 22794
787 39 30693
788 32 25216
789 33 26037
790 46 36340
791 33 26103
792 38 30096
793 44 34892
794 31 24614
795 31 24645
796 26 20696
797 20 15940
798 26 20748
799 32 25568
800 31 24800
801 33 26433
802 17 13634
803 24 19272
804 33 26532
805 29 23345
806 22 17732
807 26 20982
808 32 25856
809 20 16180
810 35 28350
811 40 32440
812 29 23548
813 28 22764
814 20 16280
815 33 26895
816 34 27744
817 22 17974
818 31 25358
819 28 22932
820 31 25420
821 20 16420
822 25 20550
823 25 20575
824 16 13184
825 23 18975
826 22 18172
827 23 19021
828 34 28152
829 10 8290
830 19 15770
831 24 19944
832 14 11648
833 28 23324
834 18 15012
835 19 15865
836 18 15048
837 16 13392
838 16 13408
839 19 15941
840 26 21840
841 18 15138
842 8 6736
843 17 14331
844 18 15192
845 17 14365
846 19 16074
847 10 8470
848 7 5936
849 20 16980
850 15 12750
851 13 11063
852 14 11928
853 24 20472
854 9 7686
855 17 14535
856 14 11984
857 11 9427
858 10 8580
859 18 15462
860 18 15480
861 6 5166
862 11 9482
863 14 12082
864 17 14688
865 20 17300
866 12 10392
867 10 8670
868 11 9548
869 10 8690
870 13 11310
871 14 12194
872 17 14824
873 17 14841
874 15 13110
875 5 4375
876 18 15768
877 10 8770
878 14 12292
879 12 10548
880 11 9680
881 13 11453
882 13 11466
883 14 12362
884 4 3536
885 15 13275
886 16 14176
887 11 9757
888 9 7992
889 11 9779
890 5 4450
891 12 10692
892 11 9812
893 12 10716
894 8 7152
895 8 7160
896 4 3584
897 6 5382
898 15 13470
899 8 7192
900 4 3600
901 11 9911
902 6 5412
903 5 4515
904 5 4520
905 3 2715
906 5 4530
907 6 5442
908 16 14528
909 11 9999
910 9 8190
911 10 9110
912 4 3648
913 12 10956
914 4 3656
915 8 7320
916 6 5496
917 8 7336
918 12 11016
919 5 4595
920 5 4600
921 8 7368
922 8 7376
923 2 1846
924 6 5544
925 10 9250
926 6 5556
927 5 4635
928 6 5568
929 10 9290
930 10 9300
931 11 10241
932 3 2796
933 9 8397
934 2 1868
935 9 8415
936 6 5616
937 4 3748
938 3 2814
939 9 8451
940 4 3760
941 5 4705
942 1 942
943 5 4715
944 9 8496
945 3 2835
946 2 1892
947 3 2841
948 4 3792
949 8 7592
950 6 5700
951 3 2853
952 1 952
953 1 953
954 9 8586
955 8 7640
956 2 1912
957 2 1914
958 4 3832
959 4 3836
960 2 1920
961 1 961
962 7 6734
964 6 5784
965 3 2895
966 5 4830
967 7 6769
968 2 1936
969 13 12597
970 1 970
971 6 5826
972 2 1944
973 9 8757
974 2 1948
975 2 1950
976 1 976
977 3 2931
978 2 1956
979 2 1958
980 2 1960
981 3 2943
982 3 2946
986 1 986
987 2 1974
988 3 2964
989 2 1978
990 2 1980
991 1 991
992 5 4960
993 2 1986
994 1 994
995 4 3980
996 3 2988
998 1 998
999 3 2997
1000 3 3000
1001 8 8008
1003 4 4012
1004 1 1004
1005 4 4020
1007 5 5035
1008 2 2016
1010 6 6060
1011 2 2022
1013 4 4052
1015 1 1015
1016 1 1016
1017 3 3051
1018 3 3054
1019 3 3057
1021 1 1021
1023 2 2046
1025 1 1025
1026 2 2052
1029 3 3087
1031 3 3093
1032 1 1032
1033 1 1033
1034 2 2068
1035 4 4140
1037 2 2074
1038 1 1038
1040 2 2080
1044 2 2088
1045 1 1045
1046 3 3138
1050 3 3150
1052 1 1052
1054 4 4216
1057 2 2114
1058 2 2116
1060 2 2120
1061 1 1061
1062 1 1062
1064 1 1064
1066 3 3198
1067 1 1067
1068 1 1068
1070 1 1070
1076 1 1076
1077 2 2154
1082 1 1082
1087 1 1087
1089 2 2178
1090 1 1090
1091 2 2182
1099 1 1099
1104 1 1104
1105 1 1105
1108 1 1108
1109 2 2218
1111 2 2222
1112 1 1112
1114 2 2228
1118 2 2236
1121 7 7847
1124 2 2248
1138 2 2276
1141 1 1141
1143 2 2286
1145 2 2290
1149 3 3447
1150 2 2300
1152 2 2304
1161 1 1161
1180 1 1180
1190 2 2380
1196 2 2392
1198 2 2396
1200 1 1200
1204 1 1204
1213 2 2426
1222 2 2444
1229 1 1229
1237 2 2474
1238 2 2476
1274 2 2548
1290 2 2580
1308 2 2616
1368 2 2736
1416 1 1416
1508 2 3016
